0.0229952 6.6063e-06 
3.4478
2.20386
2.15992
2.05598
1.66205
1.25811
1.30417
1.17024
1
1
1
1
1
1
1
1
1
1
1
1
1
1
1
1
1
1
1
1
1
1
1.06031
1.00425
1.06819
1.04213
1.05606
1
1
1
1
1
1
1
1.02756
1.0915
1.11543
1.10937
1.08331
1.02724
1
1
1
1
1
1
1
1
1
1
1
1
1
1
1
1
1
1
1
1
1
1
1
1
1
1
1
1
1
1
1
1
1
1
1
1
1
1
1
1
1
1
1
1
1
1
1
1
1
1
1
1
1
1
1
1
1
1
1
1
1
1
1
1
1
1
1
1
1
1
1
1
1
1
1
1
1
1
1
1
1
1
1
1
1.02811
1
1
1
1
1
1
1
1
1
1
1
1
1
1
1
1.02512
1.07118
1
1
1
1
1
1.05756
1.06362
1
1
1
1
1
1
1
1
1
1
1
1
1
1
1
1.02063
1.06669
1
1
1
1
1
1
1
1
1
1
1
1
1
1
1
1
1
1
1
1
1
1
1.43386
1.5578
1.93173
2.64567