0.0243768 6.08442e-06 
3.37903
3.28987
2.72071
2.05156
1.6624
1.50325
0.964091
0.894935
0.905779
0.886623
0.817468
0.638312
0.349156
-8.26704e-15
0.0608442
0.0816883
0.0725325
0.0733766
0.0942208
0.125065
0.145909
0.0167532
0.0575974
0.0115584
0.0607143
0.0198701
0.049026
0.0281818
0.0326623
0.0735065
0.134351
0.174805
0.133961
0.143117
0.162273
0.101429
0.0405844
0.0202597
0.138896
0.148052
0.107208
0.276364
0.285519
0.434675
0.503831
0.462987
0.432143
0.411299
0.370455
0.34961
0.288766
0.227922
0.197078
0.216234
0.35539
0.294545
0.273701
0.232857
0.262013
0.221169
0.400325
0.399481
0.428636
0.407792
0.456948
0.436104
0.37526
0.314416
0.273571
0.242727
0.181883
0.141039
0.100195
0.129351
0.238506
0.177662
0.136818
0.295974
0.25513
0.194286
0.173442
0.222597
0.181753
0.180909
0.150065
0.129221
0.128377
0.0975325
0.0566883
0.125844
0.125
0.0841558
0.0433117
0.0124675
0.0516234
0.00922078
0.0600649
0.0409091
0.101753
0.142597
0.0934416
0.134286
0.19513
0.215974
0.246818
0.287662
0.268506
0.319351
0.360195
0.341039
0.351883
0.202727
0.213571
0.234416
0.21526
0.246104
0.246948
0.307792
0.318636
0.339481
0.380325
0.441169
0.422013
0.372857
0.413701
0.314545
0.35539
0.376234
0.417078
0.477922
0.538766
0.57961
0.640455
0.551299
0.602143
0.642987
0.683831
0.724675
0.695519
0.546364
0.607208
0.598052
0.598896
0.63974
0.680584
0.711429
0.672273
0.723117
0.743961
0.714805
0.525649
0.556494
0.617338
0.638182
0.489026
0.51987
0.540714
0.601558
0.622403
0.633247
0.504091
0.524935
0.515779
0.556623
0.357468
0.268312
0.269156
4.99087e-14
0.0208442
0.00831169
0.117468
0.116623
0.0557792
0.00493506
0.114091
0.0932468
0.0824026
0.141558
0.100714
0.12987
0.349026
0.418182
0.397338
0.366494
0.405649
0.434805
0.393961
0.423117
0.572273
0.541429
0.630584
0.79974
1.1989
1.19805
1.50721
1.64636
1.71552
1.88468
1.95383
2.26299